compaction_on double_probing 40849

1111111001111111111111111111111111111111110111111111111111111111011111111110111111111111111111111111
1111011111111111101111111111111111111111111111111101111111111111111111111111111011110111111111111011
1111111101111111111111011111111111111111101111110111111011111101111111111111111111111111111111111110
1111111111111111111111111111111111111111111101111111110110111111111111101111111111101111110111111111
1111111111111111111101111111111111111111111111111111110101111111101111111111111011111111111101011111
1111111111111111111111111111111111111111111111111111111111111111111111011111111111111111111111111111
1111111111111111111111111111111111111111111111111111111111111111111111111111011111101111111111101111
1111111111111011111111111111101111111111101111111111111111111110101111111111111111110111111111111111
1111111111111111110011111111111111111111110101111111111011111111111111111111111111111111111111111111
1101111111111111111111111111111111111111111111111111111111111111011110111111111111111111111111111111
1111111111111111111101111111111111001111111111111111111101111111111111111111111111101111110111111111
1111111111111111111111111111111101110011111101111111111111111110111111111110111111111111110111111111
1111111111111111111111111011111111111111111111111111111110111111111111111111111111111111111111111111
1111111111110111011111111111111111011111111111011111111111111110110111111111101111111111111111101111
1110110111111010111011111111111110111111111111111110111111111111111111111111111111101111111111111111
1101111111101011011111011111111011111111111111111111111011111011111111111111011111111111111111111111
1110111111111111111111101111101111011111111111111111011111111111111111111011111101111111101111111110
1011111111111101111110111011111111111111111111111111100110111111111111111101111111111101011111011111
1111111111111111111111111111111111111111110111111111111111111101111111111111111111010111111111111111
1111111111111111111101111111111111011111111111111111111111111111111111111111111110011111111111111111
1110111111111111111111101111111111111111111111110111111111111111101101011111011111111111111111111111
1111111111111111111101111111111111111101111111111111111111101111111111101111111110111011111111111111
1111111111111111110111110111111111011111111111111111111101101111111111111111111111111111111111111111
1011101111111011111111111111111111111111111111111111111111111111111111111111111111111111110111111111
1111111111111111111011101111111111111111111111111111111111111111111111111111011111111111111111111101
1101111111101111111111111111101111111111111011111111111111111111111111111111111111111101110111101111
1111111111110111111111111111111111111111111111111011101111101111111110111111011111111111111111111110
1011111111100111111011111111111111110111111111111111111111111111111110111111111111111111011111111111
1111111111111111111111111111111111101111111111111111111111111111111111111111111111111111111111111111
1111111110110111111111111111111111011111111111011111111111111111111111111111111111111111111111111111
1111111111001111110111111111111111111111011111111111011111101111011011111101110011111111111111011110
1111111111111111111111111111101111111111111111011111111111111101111111111111111111111111110111110101
1111111111111111111111111111111111111111111111101110111101111111101110111111111111111111110111111111
1011110110111111101111111111111111111111111111111111111111110101111111110111101111111110011111111111
1111111111111101111111110111111111111111110111111111011111111111111111001011110111110111110011111010
1111101111111111111111111111111111111111111111111111111111111111110111111100111111101111101111111111
1111111110111101111111111011111011111100111111111111111101111111111111111111111111111111111111111111
1111111011011011111111011111111111111111111111111111111111111111111111111111111111111100111111111111
1111011111111111111111111111111111111111111111111111111111111111111110111111111111111111111111011101
1011111111111001111111111111111111110111111111111111111111111111111111111111111011111111111111111111
1111111111111111111110110111111111111111110111111111111111111111111111101111111011111110111111111111
1011111111111111111111110111111101111111111111111111111111111111111011011111111101111111111111111111
1111111111111011111101111011111111111110111111111111111111101111111111111111111111011111110111111111
1111111111110111111111111111111111111111111111111111111111111111111011111111111111101111111111111111
1011111111111111101111001111111111111111011111111111011111111111111111110110111111111111111111111111
1011111111111111101011111111111111111111111111111111111111111111011111111111111111111111111111111111
1111111111111111111111111111111111111111111111111101111111111111111111111111111111111111110101111111
1111111111111111111111111111011101111111111111111111111011110111111111011110111111111111111111111111
1111111111111101111111111110111111111011111101111111111111101111111111111111111111110111111111111111
1111111111111111111111111111111111111111111101111111111110111111111111111111111111111011111111111111
1111111111111111111111111111111111111111111111110111111110111111111111111110111111111111111111111111
1111111111111111101111111111111111111111111111111111111111111111111111111111111111011101011111111111
1111111111111111110111111011111111111111111111111111111111011111011100111111111111111111111111111111
1111111111111111111111111111111111011111111100111111111111111111111111111110111111111111111111111111
1111111101011111111110011111111111111111111111111111111110111110101111111111111111111111111011111111
1111111111111111111111101111111111111111101111111111111111111111111111111111111101111111111111111111
1111111111111111111011111111111111111111111111111111111111111111111111111111111100111111111111111111
1011111111111101111111111011011111111111111111101011111111111111111111111111111001111111111011111111
1111110111111011111111111111111101111111111111011101111111111111111111111111111111111101111111111111
1101111111111111111111111111111101111111111111111111111111111111111101111111111111111111111111111111
1111111110111011111111111111111100110111110111011111111110101111111111011111011111111111111011111110
1110111111111111111111111111111111111111111111101111011111111011111111111111111111111111111110101111
1111111111111111111111111111111111111111011111110111111111111011111111111101111111111111111111111111
0111110111111111111111111101111111111110111111111111111111111111111111111101100111101111111110111111
1111111111111101111111111111111111111111111111111111111111111111111111111111111111110111111111111111
1111111111111111111111111111111111111111111111111111111111111111110111110111111111111111111111001111
1111011111111111111111111111111111111101111111111111111111011111111110111111111111111111111011111111
1111001111111111111111111011111111111111001111111111111111111111111110110110111111111111111111111111
1111111111111111111111111111111111111110111111111111111110111111111111011101011111111111111111111111
1111111111111111111111111111111111011111111111111111111111111111111111111111111111111111111111111111
1111111111111111111111111111111111111111111111110101111111111111111111011111111111111111111011110111
1110111111111111111111111111011111111111011111111111111111011110111111111111111011111111111111111111
1111110111111011111101111111111111111111111111111111111111011111111111011110111111111111111111111111
1111111110111111111010111111011111111101111111111111111110111111110111111111111111111011111111111111
1111111111111111111111111111011111110111111111111111111111101111111110111111111111111111111111111111
1111111111110110110111111111111111111111111111111111111111111111111110111111111111111111111111111111
1111110111111110111111011111111111111111111111110011011110111110111111111101111111111111111111111111
0111111111111011111011111111101111011111111111111111111111111110111111011111111111111111111111100111
1111111011111111111011111111111111111111111111111111111111101110111111111111111111111111110111110111
1111111011111111111111111011101111111111111111111101101111101111111111111111111110111111110111111111
1011111111111111111111111111111111111111111111111101111111111111110101111011111111011111111111111111
0111111111111111111111111111110111111111111110111111111111111111101110110111111111110011111111111111
1111111111111111111111011111110111111111111111111111111110111111111111111111111111111111111111111111
1111111111111111111111111110111111111111011101101111111110111111101111111111111111111111111111010111
1011111011111111110111111111110011111011111111111111111011111101111111011111111101111111011111111111
1110111111111111100111101111011111111111111111111111111111111111111111111111111111111111111111111111
1111111110111110110111111111110111111111011111111111111111111111111111111111111111111111100111111110
1111111111111111111111111111111111011111111111111111111111111111111111111111110011011111111111111111
1111111011111111111111111111111111111111111111011111111111101111111111110111111101111111111110111111
0111110111111111100111111111111111111111111101111111111111111111111111111111111111111111111111111111
1111111011111111111111111101111111111111111111111111111111111001111111111011111111111111011111111111
1010111001111011111101111101111111111111111111111011111111111011011111111110101111110111111111111111
1111101111111111111111111111111111111111111111111111111111111111111111111111111111111111111111111111
1111111111101011111111111111111011111111111011111101111111111111111111111111111111011111011011111111
1111111111110111111111111111111111111111111111111111111111111111111111111111101111110111111011111111
1101111110111011111011111111101011111111110111011111111111111110111011111111111111111110111111111111
1111111111111111111111101111111111110110111101111111111111111010111011111111111111111111111111111111
1110111011111111111111111111111111111111111111111111111111111111111111011111111111111111111111111111
1111111111111111111111111111111111110111111101111111111111111111111111111111111111101111111111111111
1111111111111111111111111111111111111111111111101111111111111111111111111111111111111111111111101011
1111110001111111111011111111111111111110111111111111111111111111111111111111111111111111111111111011
1111111111111011111111111111111101111111111111111101111111101111111001101111111111111111111110101101
1011111111101111111111111111111111111111111111111111111111111111111111111011111111111111111111111111
1110111111111011111111111010111101111101001011111111011111110111111101111111110111111111111111111111
1111111111111111111111111111110111111110111111111111011111101111111111111111111111111110111111111111
0111111111111111111111111111111111111111111111111111101111101111111111111111111111111111101111011111
1011111111110111110111111011111111111111111111111111111111111111111111011111111111111111111111111111
1111011111111101111111111111101111001111011111111111111111111101111111111111111111111111111111111111
1111111111111111111111111111111111111111111111111111111111111111111111111111111110110111111111111111
1101011111111111111111111111111101111111110111101111111111111111111111111111111111101111011111111011
1111111111011111011111111111111111111111111111111011111111111111111110111111011111111111111111111111
1111101111101101111111111111111111111111111111111111111111111011011111111111111111011111111111111111
1111111111111111111111111111111111111111111111011111111111111111111111111111111111111111111111111111
1111111110111111111111111111011111111111111111101101111101101111101111111111111111101111111111110111
1110111110111111111111111111111110111111110111111111111111111011111111111111111011111111111111111011
1111111101111111001011111110111111111111111111111111111111111111111111111111111111111111111010111101
1101111111111111111111111111110111110111111111111111111111111111111111111111111111111111001111111111
1111111111111110111011111111110111110111111110111111111111111111111111111111111111111111011111111111
1110111111111110111101111111111111110111111111111111011111111111111111111111111111111110111111111111
1110111110111111111111111111111110111111111111111111111111111111111111111111111111111101111111111111
1111011011111101111111111111011111111111111111111111111111111111111111111111111110011110111111111111
1110111101111101111111111111111111111111111111111111110111111111111111111111111101111111111111111101
1111111111111111110111111111111111111111111101111011111111111111111110111111111111111111010110111111
1111111011111111111111101011111111111111101011111111111111011011111111111011111111111111111111111111
1111111111111111111101111111111111111111111111111101111111111111111011101111011111111111111111101111
1111110111111111111111111111111111111111111110101101111111111110111111111111111111011111111011111111
1001111110111111111111110111111111111111101111111111111011111111101111111111111011111111111111111111
1111111111111111010101111111111111111111110101111111111111111111101111111111111111110111111111111111
1111111111111111111111111111111111111111110111111111111111111111111111111111111101111111011111111101
1111011111111111111111111111111111111101110001111111111111111111111111111111111111111011010111011111
1111111111111111111111111111101111111111111111111111110111111111111111111111111111111111111101111111
0111101111111111111111111111110110111110111111111111111111111111111110111111111111111111111110111111
1111111111001111111011111111111111111111111111111111111111111111101011111111111111111110111111111111
1011010111111111111111111111111111111111111111111110111111111111111011111111111111111111111111111111
1011111111111111111111111111111111111111111111111111111111111111111111111111111101111111110111111111
1111111111111110111111111111111111111111111111111111111111111111111111111111111111111111111111111111
1111011111111111111111111111111111111111111111111111111111111111100110111111111111111111110111111111
1101111111111111111111111111111111111011111111111111111111011111111111111111111111111111111111111111
1111110101111111111111111111111111111111011011111111111111111111111111111011111111111111111111111011
1111111111111111111111111111111111111111111111111111111011111111111111111111111111111111111111111111
1111110111111101011111111111111111111111111111111111111001111111111111111111111111111111111110111111
1111111111111111111111111111111111111111110111110111111111110111111101111111011111111111011111100111
1111111110111111111111101111110111111111101111111111111110111111111111111111111111111111111111111111
1111111111111111111111111111111111110110111111011111111111111111111111111111111111111111111111111111
1111111111111111111111111111111111100111111110110111111111111111111111111110010111101111111111111011
1111111111111111011111101111111111111110111111111101111011111111111111111110111111111111111111111110
1111111111101111111111111111111011111111111111111111111111111111111111111111111111111111111111111111
1110111111111111101111011011111111110111111111111111111111111111110111011111110111111111111111111111
1111111111111111111111111111111110111111111111011111111111111111111011111111111111111111111111111111
0101111111111111101111110111111110111111111111111111111111111111111111101111111111111111111111111111
1111111111111111111111111111111111001111111111111111111111111111111111101111111111111101111111111111
1111111111111111111110111010111111101111111011111111111111111111101111111111111111111101011111111111
1111111111111111111111111111111111111111111011111111111111111111111111111111110111111111111111111111
1111111111111111111011111111111111111101111111111111110111111111111101111111011111111111111011111111
1111111111111111111111111111111111111111111111111111111111111111011111110110111111110111111111111101
1111111111111111111111111111111111111110111111110111111011101111111111111111111111010111111111111011
1111111111111101111111111111111110111101111101111111111011011111101110111111111110111111111111111111
1111011111111111111111111111111111001110111111111111111111111111111111111111101011111111111111111111
1111110111111111111111111111111111111111111101110111111111111111111111111011111111111111111111101111
1111111111111111011111101111011111111111111111111111111111111111111111111101111110111101111111111111
1111111111111111111111111111111111111111110111111111101111111111011111111111111111111111111111111111
1111111111111110111111111011111111111011011111111111111111111111111111111111111011111111111111101111
1011010111111111111111111111111111111111111111111111111111111101111111111111111111111111111111111111
1111111111111111111111111111111101111111111111111111111111111111111111111111111111111111111111111011
1110111111111101111111111110101111111111111111111111111111111111111111111111111111101111111111111111
1111111111111101111011111101111111111111011011111111111111111111111111101111111111111110111111110111
1111101101111111111111101111011111111111111110111111111111111111111111111111111011111111111111111111
1111111111111111111111011110111111111111111101111001111111111111110111111101111111111111111111111111
1111111111101111111111111111101111111111111111111111111111011111110111111111111111111111111111111111
1101111111111111111110111111111111111111111111111010111111111111111111101111111111101111111011111111
1111111111111111011101111110111111111111111111111111011111111111111111111111111111001111111111111111
1110111111111101111111111110111011111111111111111111111111111110111111111111111111111111011111111111
1111111111111011111111111111110111111111111111111111111011111111111111110111111111111111111111111111
1111111111110111111101111111111111111111111111111111111110111111111110111111111111111111111111111101
1111110101011111111011110110111111101111111111111111111111111111111111111111111111111011111111111101
1111111111111111101111111111111111011011101011111101111111111111111111101111111111111111111111111011
1111101111111111111111111111111111111111111101111111111111111111111111111111111111111111111111111110
1111111111111111111111111111111111111111111111100111111111111111111111111111110111111011111111111111
1111111111111000111101111111111111111111111101111111110111111011101111111111111111111111111111111111
1110111111111101111111111111111111111111111111111111111111111111011111111111110111111111111111111111
1110111111101111111111111111111111111110111111111111111111011111110111111111100111111111111111111111
1111111111110111111111111111111111111111111111111111111111111111111101111111111111111111111111111010
1111111111111111111111111111111111111111111111011111111111111101111111111111111111111111011111111111
1111111111111111111111111111111011111111111101111111110111111111011111111111111111111111111111111111
1111011111111111111111111111111111111111111111111111111111111101101111111111111111111111111111111111
1111111111111011111111111111111110111111111111111111111111111111111111111111111111111110111111011111
1010111111111111111111111111111111111111111111111111101111111111111011110111111111111101111111010111
1011111111101111110111111011111111111111110110111011111111111111111111111111111111101001111111111111
1111101111111111111111111111111111111010111110111111111111111110110111110111111111011111111111111111
1111111111011110111111111111111111101101111111111111111111111111111111111111111111111111111111101101
1111111111101111111110011110111111111111111111111111111111111111111111111111111111111111101111111111
1111111111111111111111111111111011111110111111110111111111111111111111111111111111111101111011111111
1111111101101111111111111111111111111111101111111111111111111111111111111111111111111111111111111111
1101110111111111111111111111111101101111111111111111111100111111111111111111111111101111111111111111
1111111111111111111111111111111111111111101111111101111111111111101111111111111111111111111111111111
1111111111111101111001011111111111111011111111111111101111111111111111111011111111111111111111111111
1111101111111111111111111111111111111111011111111111111111111110111111111111110111111111111111111111
1111111111111111111011011111111011111111111111111111111111111111111111111111110111111111111111111111
1111111111111111111111111011111111111111111111111111011111111111111111111011111111111111111111111111
1110111111011111111111111111111101111011111111111101111111111111111111111111101111111111011111111111
1101111101111111111111111111111111110111111111111111111111111111111111111111111111111111111111111111
1111111111111111111111101111111111111111111111111111111111111110111111111111111111111111111111111111
1101011111101101111111111101111111111111111111011111111111111101111111111111111111011111111011010111
1111111111111011111111111111111111111011111111011111111111111111111101111111111111111111111111011111
0111110111110111111111111111111111111111110111111111111111111111111111111111111111111111101111111101
1111111111111111111111111111111111111111111111111111111011011111011011111111011111111111111111111111
1111111111111110111111111111111111110111111111111111111111111110111111010111111111011111111111111111
1111111111111111111111111111111111111111011111111111111111111111111111111111111111111111111111111111
1101111101101111011111111111111111111111111111111111111111111111111110111111111111100111111111111101
1110111111111111111111111111101111111111111101111111111111101111111111111111111111111111111111111110
1111111111111101111111111111111111111111111111110111111111111111011111111111111111111111111111111111
0111111111110111111110111111111101111111111111111111111111111111111111111111011111111111101111111111
1111111111111111111111111111101011111110111111111111111111111111111111111111111111111111111110111111
1111111111111111111111101111111111101101111111111111111111111111111111111111111111111111111111111111
1011111111111111111111111111111111111111111111111111111111111111111111111111111111111111111111111111
1011011001111101111111110111111111111111111111111111111111111111111111110110111111111001111111111111
0111111111111111111110111111111111111111111111111111111011111101111111111111101111111111111111111111
1111110101111111111111111110011101111011111111111110111011111111111111111111111111111111111111111111
1111111110101111111111111111111111111111011111110111111111011111111111101111111111111111111111111111
1111111111111111111111111111011111111111111111111111111111011011111111111111111111111111111111111111
1111111111111111111111111111111110111111111111111111111111111111111111110111111111111111111111111111
1111111111111111111111111111111111111111101111111111111111111011111111101111111111111111111111111111
1111111111111011111111111111111101111111101111111111111111111111011111111111111111111111111111111111
0111111111011111111111111111110110111111111111111111111111111101111111111111111111111111111111101111
1111101111111101110111111111111111111111111111111111111111111111111111111011111111111111111111111111
1101111111111111111111111111111111111011111111111111111111111111111111111111111111111111111111101111
0111111111111111101111111111111111111111111111111111111111111111111111111111111111111111111111111111
0110111111111111111111111111011111111111111111111111111111111111111111111110011110111111111111111111
1111101111110111111011111111011111111111111111111111111011111111111111111111111111111111111111111111
1110111111111111111111111111110111111111111111111011111101111111011111011111011111111111111110111111
1111111111011111111111111111111111111111011111111111111111101111111111111111111111101111010111111011
1111111111111001111111111111111011111110111111111101111111101111111011111111111110111111111111111111
1111111101111111111101111111111111011011111111111111111111111111111111101000111111011111011101111111
1111111111111101111111111111111111111111110111101111111111011111011111111110011111101111111111111111
1011111111111111011111111011111111111111111111111111111111111111111111111111111111111111111101111111
1111111111111111111111111110011111111111111111111111111111101111111111111111111111111111111111111111
1111111111111111111111111111111111111011111111111111110111111111111111111111111011111111111111111111
1110111111111111111110101111111101111111011111111111111111110111111111011111011111111011110111111111
1111110111111111111111111011111111110111111111111111111101111111111101111110101111111111111111110111
1111111111111111111111111111111111101111111111111111111111111111011111111111111111111111111111111111
1111110111111111111111111111111111111111111111111111111111111111111111111111101111111111111111111111
1111111111110111111111111111111111111111111111111111111111111111101111110111111111111111111111111111
1111111111111111111111111111111111111111111111111111111001111111111111011111011111111001111011111111
1111111101111111111111111111111111111111111111111111111111111111111111101111111111111111111111111111
1111111111111111111111111111111111011111111111111111111111111111111111111111111111111111111111111111
1111111111111111111111111111111101111111111111111111111111111111111101111111111111101110111111111111
1111111111111111111011111101110110011111111111111111111111111111111111111111111111111111111110111111
1111111101111111111111111111111111010111111111111111111111111111110111111111111111111111111111111111
1101111111111111111111111111111111111111111111111111101111111111111100111111111111111111111111111111
1111011111111111110111111111111111110111111111111111111111111111111111111111111111111111111111101111
1111101111110111111111111111110111011111111111111111111111111111101111111111111111111111011111101111
1111111111111111111111111011111111111111111111111111111111111111111111111111111111111111111111000111
1111111101111111111111110111110101101111110111111111111110111111111111111111111111110111111111110111
1111111111111111111110111111110111111111111111111111111111011111111111111110111111111111111111111111
1111111111111111111110110111110111111111111111111111111111111111111111111110111111011101111111111111
1111111111111111111111111101111101111111111101110111111111111111111111101111111111111111111111111111
0111011111111111111111111111111111111111111111111111111111111111111111111111111111111111111111111111
1111110111111011111111111111111111111111101111111111111111111111111111111111111111111111111111111111
1011111111111111111111111111111101111111111110111111111111101111111111111111111111111011111111111111
1111111011101111111111111111111111111110111111111111111111111110111111011111111111111111111111111111
1111011111111111111111111111111111111111111111111111011111111110111111111111111111111111111111111111
1111111111111111111111101111101111111111111111111111111111111111111111111111101111111111111111111111
1101111111111101111111111111011111111111111111111111111111111111111111111111111111111111111111111111
1111111111111110111110111111111111110111111111111111111111111111101111111101111111111111111111111111
1111111111111111111111111111111101111111111111111111111111011010111111011111111110111111111111111111
1111111011111110101111111111111111111101101111111111111111110111111111111111111111111111111111111111
1111111111111111111111111110111111111111111111101111111111011111111111111111111111111111111111111011
1111111111111111111111111111111111111111111111111111111111111111111111111111111101111101111111111111
1111111111111101111111111101111111111111111110110111111101111111111111111111111111011111111111111111
1111101110111111011101111111111011111111111011111111111111011110111111111111111110111111111111111111
1111111111110111111111111111111111111111111111111111111111011111111111111111111111111111111011111111
1011111111111111111111111111101111111111111111011111111111111111111111111111111111111101111111111111
1111111111111111111111111111011111111111011111100111111111111111111111111111111111111111111111111111
1111110111111111111011011111111111111111111100111111111111111011111111111111111111111111111111111111
1111111111111111111111111111111111111111111111111101111111101111111111111111111111101111111111111111
1111111111111111111110111111111111111111111111111111111111111111101111111111111111111111111111111111
1111111111111011111011111111111111111111111111111101110111111101011111111111110111111111111111111101
1110111100111111111111111111111111111111111111111111111111111111111111111111111111111111111111111110
1111111011011111111111101111111111111111110111111111111111111111111111111111111111111111101111111111
1110110111111111111111111111111111111111111111110111101111110111111111111111111111111111111111110111
1011110111111111111111101111011111111111111111111101111111111101111111111111111111111111111111111111
1111111111111111111111111111111111111011111111101111111111111111111111111111111111111111011111111111
1111111111111111111111111111111111111111111111111111111111111111111111111111111110111111111111111111
1111111111111111111111111111011111111111011111111111111111111111111111111111111111111111111111111111
1111111111111111101111110110101111111111111111111101111111111011111111111111111111110110111111111111
1111111111111111111111111111111111111110101101111111111111111111111111011111111111111111111110111111
1111011111111111111111111111111111111111111111111111111111111111111111110111111111111111111111111111
1111111111111111111011111111111111101111111111111101101111111101111111111111111111111111111111111111
1111111111111011111111111111111111111111111111111111111111111111111111111111011111111111111101111111
1111111011110111111111111111111111111111101111111111111101111111111110111111111011111111111101111111
1111111111111111111111111110111111111111111111111111111011111111110111111111111111111111111111111111
1111111101111111111111111111111111111111111111111111111011101101011111111111111111111111111111111100
1111111111111111011111111111101111111110111111111101111111111101111110111111111111111101111110101111
1111110111111101111111111111101010111111111110111111110111111111011111111111111111111111011111111111
1111111111111111011111110111111111111111111111111111111111111111111111111111111111111111111111111111
1111111111111111111111011111111110111111111111111111111101111111111111111011111111111111011111111110
1111111111111110111111111111111111111111111011111011111111111111101110111111111111111111111111111110
1111111111101111101111111111111111111111101011111111111111111111111111111111111111111111011110111110
1111111111111111111011111111111111110111111111111111111111111111111111111111111111111111011101111111
1111111111111111111111111111111111111111111111111111111111111111111011111111111111111111111111011111
1111111111111111111111100111111111010111111111111111111111011111111110111111111111111111111111111111
1111111111111111101111111111111101111111111111111111111111111111111111111111111101111111111111111111
1111111111111111111111111111111111111111111111111111111111110111011101111111111111111111011111110111
1111111111111111111101111111111111111111111101011111111101111111111111111111111111111111111111111111
1111110111111111101110111111111111011110111111110011111111111111111101111111111111111111111111111011
1111111111111111111111111111011111111111110111111011111111111111111111111111111011111111111111111111
1111111111111111111111111111111111111111111111111111111011111111111111111111111111111111111111111111
1111111111111111111111111111111111111111101111111111111111110111111111111111111111111111111111111101
1111111011101111111111111111111111111111111111111111111111111111111111111111111111111111111111111111
1111111101111110111111111011101111110111111111111111111111111101111111111101111101111111111111110111
1111111111111111111111111111111111111111111111101111111011111111101111111111111111111111111111111111
1111111111001111111111111111111111101111111111111111101111111111111111111111111111111111111111110111
1111101111111111111111111111111111111111111111111101111111011111011111111111111111111111111111111111
0111111111111111111111111111111110101111111111111111111111111111111111111111111111111111111111111111
1111111111111111111111001011111111111111111111111111111110111111110011110111110111111111111111111111
1111111111111111110111111111111111111111111111111101111110111111110111111111111111111111111111111111
1111111111111111111111111111111111111111111111111111111111111111011111111111111111111111110101111111
1111111011111111101111011111111111111111111111111111111111111111111111111011111110111111111111111101
1111111111111111111111111111111111111111011111110111111111011111111111111111111111111111111111111111
1111111111111111111111111111111111111111011110111111101111111111111111111111111111111111111111111111
1111111111110111101111111111111111111111111111111111111111111111111111111111111111111101111111111111
1111111011111111111111111111111111111111111111111111111111111110111111111111111111111111111111111111
1111111111111111111111110111111110111111111111111111111111111111111111111111101111111011111111111111
1111111111111111111111111111111111111111111111111111111111111111111111111110111101111111111110111111
1111111111111111111110111111111111111111111111111111111111111111111111111101110111111111111111111111
1111111111111111111111111111111111111111111111111111111111101011111111111111011111111111111111111111
1111111111111111111111111111111011111101111111111111111111111111111111011111111111111111011110111111
1111111111111111111101111111111111111111111111111111111111111111110111111111111111111011011111011111
1111111111111101011111111111101111011111111111111111001011111111111111111111111111111111111111011111
1111111111111111111111111111111111111111111111111111111111111111100111111111111111111111111111111101
1111111111111111111011010101111111011111111111111111111111111111111111111111111111111111111111111111
1111111111111111110111111111111111011111111111111111110111111111111111111111111011111111111111111111
1111111111111111111111111110011111111111111111111111111111111111111111111111111111111111111111110111
1111111111111111111111111111111111111111111111111110111111111101111111111111111111111111111111110111
1111111111111111111111011111111111111111111111111111111111111111111111111111111111111111111111111111
1111111111101111111111111111111111111111111111111111111111111111111111111111111111111111101111111111
1111111110110111101111111111101111111111111111111111011011111111111111111011101111111101011111111111
1111110111111111111111011111111111111111111111111111011111111111110111111111111111111111111111111111
1101111111111111111111111111111111111111111111111111111101111111101111111111111111111111101110111111
1111111111111111111111111111111111111111111011111111111111111111111111111111011111011111111111111111
1111111111111111101111110111111111111111111111111111111011111111111111111111111011111011111111111111
1111111111111111111111111111111111111111111111111111111111111110111111111111101111111111111111111111
1111111111111111110111111111111111110111111111011111111111111111111111111111111111111011111111111111
1111111111111111111111111111011111111111111111111111111110111111111111110111111111111111111111111111
1111111111111111111111111111110111111111111111111111111111111111111101111111111111111111111111111111
1111111111111111111111111111111111111111111111111111111111111111111111111111111111111111111111111111
1110111111111111111111101111111111111111111111111111011111111111110111111111111110111111111111111111
1111111111111111111111110111111111111111111101111111111111111111111111111111111111111111111111111111
1111111111111111101101111111111111111111111110111111111111111111111111111111111111111111111111111111
1111111111111011111111111111111111111111111111101111111111110111111111111111111011111111111111111111
1111110111111111111111111111111111111111111111111111111111111111101111111111111111011110111111111111
1111111111110111111110111110111111011111111101111111111111111111111111111001111111111111011111111111
0111111110111111111111111111111111111111111111111111111111111111111111111111111110111111111111111111
1101111111111111111111111111111111111110111111111111111111111011111111111111111111111111111111111011
1111111011111111111111101111111111111111011111111111111111111111111111111111111111111111111111111111
1111111111111111011111111111111111111111111111111111111111111111111111111111111111111111111111111111
1111111111111111111111111101111111111111111101101111111111111110111111111111111111111111111111111110
1111111111111111111111111111111011111111111111111011111111111011111111111111111111111111111111111111
1111111111111111011111111111111111111111101111111111111111111111111111111111111111111111111111111111
1011111111111111111111111111111111111111111101111111110111111111111111111111111111111111111111111111
0111111011111111111111101110111111111111111011101111111111011011111111110111111111111111110111111111
1111110111111111111111111111111101111111111111111110111111101111111111111111111011111111111111111111
1111111111111111111110111111111111111111111111111111111111111111111111111111111111111111111111111111
1111111111011111111111111111111111111111111111111111111111111111111111111111111111111111111111111111
1101111110111111111111111111111111111111111110111111111111111111111111111111111111111111111111011111
1111111111111111111111111111011101111111111111111111111011111111111111111111111111111111111101111111
1111111111111111111111111111111111111111111111111111111111111111111101111111111111111111111110111111
1111111111111111110111111111111111111111011111111111111111111111111111111111111111111111111111111111
1111111111111111111111111111111111111111111011111111011111111111111111111110111110111111111111111111
1101111011111111111111111111111111111111111111111111111111111111111111111111111111101111111111111111
1111111110111111111111111111111111111110111111111111111111111111111111111111011111111111111111111111
1111111111111111111111111110111111111111111111111111111111111111111111111111111111111111111111111111
1111111111111111011011111111111111111111111111111111111111111111110111111111111111111111011111001111
1111111101111111111111111111111111111111111111111111111111111111111111111111111111111011111111101111
1111111111111111111111111111101011111111111111111111111111111111111111111110111111111111111111111111
0111111111111111111101111111111111111111111111111111110111111111111111111111111111111111111111111111
1111111111111111111111111101111111111111111111111111111111111111111111111111111111111111111011111110
1111111111111111111111111111101111111111111111111111111111111111111111111111111111111111101110111111
1111111111111111111111111111111111101111111111111111111111111111111111111111111111111011111110011111
1111111111111111111111111111111111111111111111101111111111111011111111111111111111111111111111111111
0111111111101111111111111111011111111111111111111111111111111111111111111111110111011111111111111111
1111111111111111111111111111111111111111011011110011100111110011111111111111111111101111110111111111
1111111111111111111111111111111111111111111111111011111111111111011111011011111111111111111111111111
1111111111111111111111111111111111111111111111111111111111111111111111111101111111111111111111111111
1111111111111111111111111111111111111111111111111111011111111111011111111110110111110111111111110111
1111111111111111111111111111111111111111111111110111111111111011111111111111111111111111111110111111
1101111111111111111111111111111101111111111111111111111111111111111110111111111111111111111111111111
1111011111111111111111111111111110111111111111111111111111111111111111111111111110111111111111101111
1111111111111111111111111111111111111111111111111111111111111111111111111111111111111111111111111111
1111111111111111111111111111111111111111111111111110111111111111111111111111111111111111110111111111
1111111111111111111110111111111111011111111111111111111111111111111110110111111111111111111111111111
1111111111110111111111111111111111011111111111111111111111111111111111111111111111111111111111111111
1110101111101111111111111101111101111111111111111111111111111101111111111111111111111101111111111111
1111111111111111111111111111111111111111111111111111111111111111111111111111111110111111110111111111
1111101111111111111111111111111111110101111111111110111111111011111111111111101111111111111111111011
1111111111111111111011110111111111111001111111111111111111111111111111111111111111111111111111111111
1111111111111111010111111111111111111111111111111111111111111111111111111111111111111111111111111111
1111001100111111111111111111111111111111111111111111101111111111111111111111111111111111111111111111
1111111110111111101111111111011111111111111111111111111111111111111111111111111111101111111111111111
0111111111111111111111111111111111111111111111111111111111111111111111111111111111111111111111111111
1111111111111111111111111011111101111111111111111111111111111111111111111111111111111111011111101111
1011111111111111111111111111110111111111111110111111111111111111111111111101111111101111111111111111
1111111111111111111111111111111111101111111111111110111111111111101111111111111111111111111111111111
1111111111111111111111111111111111111111111111111111111111111011111111101111111111111111101111111111
1111111111111111111111111111111111111110011111110111111111111111111111111111111111111111111111111111
1111101111111111111111111111011111111111111111111111111111111011111110111111111111111111110111111111
1111111101111111111111111111111110111111111111111111111111111111111111111101101111111111111111011111
1111111111101110111101111111111111111111111111111111111111111111111111111111111111111111111111111111
1111111111011111111111111111111111111111111111111

1111111101111111111101001110111111101011110110111111011000111111001111110111110101111001111111011111
1111011111111111111110111111111101111111100111111101111111011101011110111111111111111111110110111111
1111111101111111111101011111111010111101101011111001111110101101111111101011111111011111011111101111
0111111101011111101111101100111011111111101100111111110110000111001111001111111011111100110110101011
1111111011111111101101101111100111001001101101001111110110111011101110101111101011011111111111010111
0111010010111111101110110111101110111111101111011110111111111011101101011111110111111111110111011101
0111111101100101011111101111111111111111101110111111111101111001111110111111111101111011111101101110
1110111010010011111011111101011111111111111111110100111111100110101111111000101111011110011101111111
1111010111011001110110110100111111111011100110110110101010111111011111111011111111111000111011001101
0111011111110010011111111011000110111110111001111111101111111110011010111011011110010101111111111110
0111111010111111011011011010111111000110101111111111111100111010111111111111111111111111110111011010
1111101011010111111101111011111101100011110011110011001111110110110010011111100111110011110111101111
1111111111111011101111101011101111100011100010111111111100011111110101111001111011111101111110011001
0011011101101110011111010111111011101111101011111101111111010110010011111111111111111110001111001010
1110111011101010011110011111010101111111101111111110111101110101111111111111011111111111111111011111
1110101111111011010111111111111000110100110111011011011010111011011111110111001110010010111110111111
1010111001111111110100101110111001011011111011110011010111101011111011111011111111101010101111101111
1010111111101000111110100100111111111011111111001101000000111111111111111101100111101111111101111100
1111111101011111101111111011111110111110011110111111100111010101110101111111011110010111011111110111
1010111101100011110100011011111111110111110110110111111111111011011110111111010111111101101111100111
0100111110111111111111101110111110111111111111110111111111101111101101011100111100001110111011111110
1101011111110110111111111111101010111001111111101011110101111101111011101011111011111001110111111111
1101110001111110010110110110111111011111101111111111011110101110110111111111100111111011011111111110
1111101111101001011111111110111110101110111110011111010110111111111100111110101101111011111101111111
0111111111111111111011111011111111110111001011111011111100111110111111111111000111111101111111111111
0100011110000111111110010011011111101111111011111111111110111011110111100110101111100101101111111111
1111111110011101111111101011010001111111011110011011110111111101111111110111011110111111100101100111
1011111111110111111011111011011111111101011111110101101011111111010110110101111101100010111110111110
0110111111111011001110111110011111100000111011110111111111011111111011111110111110101111111111110010
1111101111011111111111110000111111010100110110110111011111111101110111011011111011111110101111011111
1101011111101101111110110111111111111001101100111111011011101111011110111101110010101100111111111101
1011111101011111100111110001100011111110111111110011110111110001011011110101100011111111111110110000
1010111011110111011110011110011111101100111111111111011100001010101110111111101111111010101110011101
0000110110111111111111111000111110111111111011111011101111111011111111010111111111010110001011111111
1101111101101110110111100011111111101111010111111111111001110011110111110010110010101111010111101110
1111111111111100110111111001111101100011110111111111001111111111011111111101111101100111101111011101
1101100110111111111101110111010010011100101111100111111111111111010111111110111111111111011111101110
1111101101110001111011010111111111101011110110101100111011111011111011111111111001010101111110110111
1100010011010110011010111011110111111101111111011110111111000011011000110101100110111111010110011111
1001111100011011111101111011111111111111111100011111011000111111111011111111111011111111011011100111
1011111111010101111111110011111101011111011111111111111110000100101111101111111011111101111001111101
1110111110111111011011111110111011111110110110111111100110111110111101011111111101000011011111110111
1111101111111010101101110111011111110111011001111011111111001010011101111110011111101111100011111111
1111011111110111101011111111101001111111111110011111101010110111111011111111111111101011111111101111
1111011100011111111111110110010101110101111100111111101111101100111101110110111111111111011111110111
1011111011111110011011101110111101110100111111100110111011101111011111111111101111111101010101111010
1111101110100111110110101111111011101011101101111111111110001111111111101101011011110011110101011111
0100111111100111111111110010101111011111001001110111111101111101101111111110110101111101111111111101
1110110111111011101111100110111011110011111101111111111010001011111111111111111110100111111111111110
1111111101111111110110011111111111110111101111111111010101011111001111111101111111011001101111110111
1111101111110001111010111010111111111100111011111011011110010110111111111100111101011111111011111111
1111111111111111111010111111111011111101011111111001111111101111111011111111000111011001011111101111
1011101110110111111110101001111011111101111111010011011011111111011100111111110111011101111011101110
1110111111011111110110111100011101110010111000110100101011111101111111111111110101111111101111110111
1011111101111101011110101111101111110110111110111011111110100010110111111000011111111111101111111111
1111111111110111010111111111111110101111100110000111111101010111101100111101111101101111111111101110
1111111101011110011111100111111001110111111110111101111100110110011101111111111000111111111110111111
1011011111110100011111101111110010111101111111100100111111111111111111100111110010111111111010110111
1111111111011001111111111111111111011111110101010111111111011110111111111011111011101101101110011111
1111000111111110011111111111011001011010111111111111111111111000111111011111010110101111011111111101
1111111111110011011110111011001100110111100111101101111101101100011111011111110011111110111001111000
1010111000111111111110101010111101111011110111101111111011111011001111000111111101001110111110111111
1101101111111011011111011111010101110001110010110111111111111111101111111101111101101001111001111010
0111110111011111100001111001011010011111101110101111011101110101110111111111101101101101111111111010
1111111111111001111111101110111110111111101111111111111111111111111011101011101101110101111100111011
0111111101110101111010111100111111101111111111111011111111101111010111110111111101111101111101001111
1110001111101101111101111111011101011111111111110111111101011011111101100110111101111101100011011110
1101001111111110010011111011111111011101001011111111111111101111011100010110110001101100111111011011
1111111011111111001001110111111111101110111111111111000110110111011111101101011011111111101001101110
1010111111110011101111110111111111011110100111110011111011111011110111111111111111011110111111111111
0100100110111111111011101110101111110110011111110001110111011111110101001100011111111111101110111011
0010101101111111110101101101011001101111011111111111111101110010111100110011011011111100111111110111
1110110111111011101101111111111101111111011111111101011110111111111111011111011111101011011111100111
1111001110111111111100111111011110101100110110001101111111111111111111111111011001011011111110101111
0110011111111111010101011111011111111110110111011111111111101111101000000101111110111111101111111111
1111111111010011110111111101101011110100111110111111101010111100110110011111100001100101010010111111
1111110111111010111111011110010111101111111011000001011010111011111001111001101011011101011111110100
0111111111111001111011010111011111011111011110101111111011010110101111111111111011110110011101000111
1111111001110111111010101111111111111011110111100111111011101110101111011111011011010111100101011111
1111111011110101111101010100011110111010100010111001001111101111111111111110110111111101110011110110
1111111111111011010111111111101111111111111111111101110100011010111100111111111111111101011101111110
1101111011001100111111110111110101011110011110110111111111111111101111111110001111010011111110011110
1110111111011011001111001111110111111110111111111111111100001111111011110111111111111110101111111011
1111100111111111100110110110110101110011011101100011111110111110011011101111011011111111110111010111
0111111011111110111111110111100111111111011111101111111110011001101111011010111111111010111101011111
0010111110111111111100011111011110011111111101110111011011010111111100111110110111101101111101110001
1110101110111110110111010111100011111111101101001111111101000110111111110010011111110110110111111110
1111111110111110111111110111011111111011111111100111111000101111111111111111111011011111111110111111
1110110010111100111010101110110111110111111111011001111111110101111111111111101100111110011111111111
0111110000011010100111011111111111111111111110100001111111011111110111111111011001010100111001011110
1010001011011101111111111111101111011110111110111111111110111001111111111011111111111101011111100011
1010100001111011111101110100100111111101110010100001111101111011001111011110101110110011111011111011
1011011111011101101111111111101111111111111110011011111111111100100111111111111111011001001111011011
1101001011001110101111101011111111111111101101111111111110110110110101111111111111111110011111111011
1111111111110010011111011111111101101111111110110111111001111101101111111111111101110010111010111110
1100101110111010011111011111011001101111111111011111011111010110110011111100111100111111111111111010
1100110111101111111111011111110111011111111101010111111111011111011011111110111101001110111111111111
1010111011111100111111001111111011110110110110010111011010101110110110111111111101101111011101000110
1111111011011111011100111111011110010111011101110101010111111111010111111111111110101100111111111101
1111110011111111110110101000111011111111111011101111111011011011111011110110111111111001101111001010
1101011100110111111010111111111011011110111111111110001101100111111001111111111101101001111101101011
1111010101111001111111111011111001111001111111101101110111101000111111111110111111111111111111101101
1011111110001111111101111111111101111111111111111111111111111111101011011111111111100111111111111111
1110111111001010111101101001110101110110101111011111011111111110111111110011110111100111111111011111
1111111001110111101111101110110110110110101111111101111111101111101111111111110111011011111111001111
1010011101110101101100111111111111110100111111111101111011101111111011010111001110111111001111011010
1111101010111101111111111111110010111110111101111101111111110110111101011111011101101111111111111001
1111111111001110111111111111001100101111111101111111011011111101110110111111111111011111111011111101
1110111111111111011111111111111111111111111110011110110111110011111111000111011111110111111110111111
1101111111001110011111111111111101001100010011110011110111101110011111110011110110101110111010011111
1111111111111101111111111111111101111010011111110011110111111111101100111110111111111111101110110101
1111101111001111111101001111111100101111011111111001111111111111000100010111111111111111101110111111
0111111110110111110011101110111011111111111011011111111111111110111011111111111111111010110111110111
1001111010011111110111111000110100111001111111011111011111101111101110111110111101101101111111010111
0110001011111111111011110100110111011110110111111111111011011111111111111111111011010110111111011010
1111111101011111000111010100011111111111111101111110111111110011111000111111111111011111111110111101
1111111011111111111110011011101111111011101011011101011111110110101111110111011110100111001111111101
1110111011110111011111011110111111110111011110101110110111001111111111111111111110111011101011111101
1110111110111111011111011011011111110011111111111011111111111110111111110111101100111110111111111111
1010011110011011111111110111111110011110111000111111111110010111110101111111111010111101110111101110
1111011010111111111101110011000111111111111110111101110111111110101101001101111011011100111100110111
1011111111011101111111111010111111111011111111011111111010111000001111100000110100101111100111110101
1101111111111111100111111111111111111111111101101111111111111101100111010110111011011111011011111011
1111111011111011110111101101111001101110001111011111111101011111000111111011101111101100011011010101
1111110111111111011110111100111111111110101111110101110101111110111011111001111111111011011111101111
1011101101110101111111110111110111011111111110101111101111011011111111100101111011101111111011111011
1011110111001011011111110011111110011111100111101111110011011101111101101101011010101111011101011110
1111101010101001011001100110111011110111010100111110101110110010101111111101111011101111110111101011
0110111111110111110111111111111011111001111011110111111110111111110111111111111101111111111011101101
1111011101111011101101111111011111111100110001010111101111111111111111010110111011101111010111010111
1111100101111111101110111011111110101111111111111011110110000001111011111101011111111110101101111101
0111101100011111111111100101100011001110111101110111110110110111101110111000101101111011011010001101
1111101111001011111011111011111101111100111110011111111110111101111011111101111111110110110000111111
1111010111101100110010111110111111111110111111110100111111111110101001101111110101111111011111111101
1111111011011111111111111111111011011111111110010110111110001011110111110110111101111011110101111110
1111111001110110110110101101111101111111011101110100101111111111110111111110111011111011111111011110
1111001111111111111111111101111111101111111111110000101111101011000111111111110010111110100011111111
1101011111011110111111111111111111000111111100110001111111011100111101111111101110111011111111111111
1001001101111111111110011111111111111011011111110111111111111110111010011001110111110011111111111000
0111111111111001111111111101111110111111011111011111110011011100111001111101101111111111111110101010
1011110110111111111111111011101111101011101111111110111001111101011111010111111111011111111110111001
0111111111110111111011101011111111011011111101110010111011100101111011111110101111111111001111001011
0011101110111111111111110111110110111111101011111111111110111111011111111110111111101010110111111010
0111101101110101111111111010111111011110111111111111111110101111111111111101111101101011110111110111
1111111011111101111011101110101100111111111110111101111111110111111110011011111111111110111111101011
1111111111111110010111111111111101110111111111111101111011111111011011011110101111011111011111111110
1101111111101111111101011011111011110110110111100111111111111100110111111111011011111111111111110111
1110110100111110011010110001011110111111111110011101011110100111010111011111101101111111111111011110
0111101111111110111111011111110100111101101111110111111001111111101011111101011111110111111110100011
0110101111111111000111111111111010011100111111110101111011011111111111111111010011101110111111111101
1011111111111110101111110111110011011111110101101011101101011001111111101111111111111101111111111111
1111111101011111110110011110111111110101111010011110111111111011101111011111101110111101011101111111
1011111111111111111111011111001000111111111111011101111011101101111111111110100011111111111111111111
1011111110111110111011111110111010111101101011111111011101111111110111110111010010111011110011010111
1001111111010111101101111110111111111111011001111111111111110111011110110110110101110011111101111101
1111111101110111110111111111111111101101110010110110001011101101111101111110111111010111111011111110
1010111111110101111011111100111111111101101101110111110011011110110100111010110010111111011101101101
0011111011011111100111110101011110101111011110111111110011011111011101111101110101111111101110101001
1111110111111110101111101111111110111001000101100111111111111110111001111011111111001110111110101101
1111011101011110000011101011111110111111111011111111111111111011111011110111110111111101011111111111
0001101011111111101111011111101110111101110101101111111010101011101111111011110011110111110111011101
1110111011111010111110111010111111001011011111111101111111100111010111110111110011111111111101101111
1001111010111111011111111111111111101011001001111110111111011101111011111101111111111111111111100111
1111111011111111011111111101011101111011111101011111011011101011010100111111111111111111111111111011
1011011011111101111111111111101110111111111111111101111001110111101001111011000011101111111111111111
1111001101101100111101111101101111110111011011111111111111111101101000111110111011100101111110110111
0111101101101111011100101010111111101111011101101111111011100111111111010110110110111110101111011010
0111101011111110110110011110011111010011011101100001111110111111101111111101111101111111111011111110
1111110111101001011111101101101111111011111011011110111111011111010011101110111111101110111110111111
0101111111111111111111011101111111111101011100010110111000111111011111111111101010110110100110111111
1111111110101111110101111110101111101111111111110110011110101101111111110111001111001010111011011111
0110101110111101010011110101101100110111101011011110111101110110110111111101110101111111011111111011
1101111101100011011011111111010111111111111110101011101011110100101101011101111110111011101111111111
0011111110110111111101111111011111111110111111111011111101111111001110110001110111101111011111110111
1111101101001011011011110011011111100111111111111111001001111111111010011111010110111011101111111110
1011111111111111100111101111011111111010110110111100011001111110110110000111000111101111110011100101
1110100110101111111110111011111100011011110101011111111101101111111001101111011111110111011101111111
0111111111111110101110111101111111111001111111101110110111111111110111011110010101101011001111111111
1011011111111010111011000111011011111111101011111111110111110011100101111001111111101111110111111111
1110111110100100101011101110011011111111111111110111110110001111011010001101000111011111101101101110
1111111011101101100101011011101001111111110101110111100111110110010111111111101111101101110111111111
1111001110111110111111111110011111111111111111111111011111110111111010101111011110111111111111101010
0111111111111111111110100001011011111111111111001101001111111101111111111111100011111111010011110111
0111111111111111111011110011111101111101101100111101010011001111111111111110011011101111111011111111
0101011111011111111111111101111001101111111110011011111111111101111011111111111111011111110110111111
0111011011111111101110111111101111101010100111111111101110111111111101111101111111111110111111111101
1101101010111000111101111101110111111010111101101111101111011111011111110111010001111101111111110110
1011000111101111111111100001111111111111111111001001100111111011111110011001101110111011110110111110
1010001111111001111011101111111111111010111111111111111111111011101111110111111111001111111111111010
1101011110011111011111011111111111101011111111111011111011111111111110111011111111111011100111101011
1011111101111101011110111011110111100111111011111111111111111111111101111111111111111111101110111101
1111111111001110111111111011111010101110111011110111101011111111111101111100100110101101101010111011
0111111101101111110010111001111101101001011001111111111111111111111110101111101110110111001001100101
1011111110110111010111111110111110101111111111111111111110010110111111111111110111101111111111111111
1111111110111111101111111111111011100111011111111111100110111101001111101101110111111111111111111101
1101110100111100111011011111111011111010111111111101101111011111011110110001111111111010111011111111
1101101110111111101101111111110011100111011111101110110111001011111101000111111011011010111101010111
1111101101011111111001011111010101011110111110110111110111111110111111101111110011110111101111011011
1111011110100101110111111011100111101111111111111011010111111111110110100011111111111001111101110011
1100111111000111111111111111111101010010111111011001001100101101111101111111111111111110111111011111
0101111011000111110111011111001111111111111101111001100011111101101101011011111011111111111101111111
1111111111111111110101101111101010010101011111111110101111101111110111001111101101110111111101011011
1011111011101011111111011101111111100101111110111011110111101111111011111101111111011111111011010111
1111111011110010111111111000011111110111101111111011111111111111111001101111100101111010011101011101
1101111111110111011111011101101011101111100111111101111111111111111111111110111111111111101110011100
1101100101111111111111111011110111111111111111011011111010011101011011111100111011110111111011110110
1110111111111111110111111111111111010111111111100111111110011100111111011111111101011100111111111111
0111111111101110111111011011111111011111011111111100111111011111110111111111011111111011111111111110
1100111101100111111111111001100110111111101101111111111101011111111010111111001111100110111111111101
1111101000110011110101111110101110111011111101111011111011101111101011011111111111110111111111101111
1101010101011001111111110111110111111111011101110111111111111011011111011111010101101110111111111110
0111111111010111101111101101011111111011011011011011111111111011111001101011111101111000111101101111
1110111101101111001111111110101011000100111111110101111111000101111101111111011111111111111011111111
1111111111111111011111110111110011101101111111111111111111111101111111111101111110110111111111100011
1011101110110110111111001111111111111111111100111110100001111110111101111111011110110111111110111110
1111011111111101110111111111111111111110111011111111011011111100011111110110101111111011111111011110
0111101101100111110010111111101111111111111111111111111011111011111111111110101000111111111101011110
1011111000111111111011111110001110111011111111110111011011100101100111001111110111111111111111110111
0101111111111111101111000110111111011100001101110011101111011111111111100111111110011110111111111111
1111111111110110001111111100010111110111101111101011101111111010111111111111111101111101001011101111
0111111111111011010011111110011000101111010111001111111111111111110111110111011011111011110111111101
1101011011111111111111110111111011110011101111111111011111111011111111101111111111101111111101101101
1011111111111110111111110110100011001110111011100111111111111111111111111111111010111111111111101101
1111011111011001011010111111111011111111011111100111110111011100111111111110111111111100110111001111
0111111110111111110111111111111011011111111111111111100111011111111100111001001111100111111111110110
1101011011111111111111011111110101111101010111101101111110110110011010110111111011111111111111111101
0011111111111110101111111111100101111110011100111111011101111111001011111101001100010111111111110100
0110111101101111111111111111111111111101111111111111111111110111111101111110011101101111111111101101
1011111111101011111111101111111111011111000011101110111111111111111111111101110111110111111111101011
1100111111101111110111101111010101111111111011011011111101111110010111011111011111111111111110110111
0110111111111111111111111111111111101111011111111110101110111111111111111111111111000110010111111001
1111101110100011011110110011101011011110111111111101111111100111111111110101111100111110011110101111
1111111101111111111111100111111111011011111001101110111111100111111011010011011110111111111100111111
0111111101010101111111111101111101111111110110101101101111010110001111101110111111111110100111111011
1011110011100001111111011011111111111111111111100111111111111110101111011101111111011011110111111111
1011111111111011111011111111111101011101111111111011111111101010110111000001111111011110110111111110
1111101111010011111110011111101011011111011111111100110110110111111011001111101011111111111111111111
1110111110011110111111111111000101010110000111111101111111110001011110011111010111100111011011110111
1111011011011111111111111011011111110110011111111111011111110111111111011100111111111010111111101111
1111111011111111111111111011111001001001111111111110110111111111011111101111110110011111111111010110
1101110101110101111111011111011111111110101100111111111111111111011001011101110111111101011111111111
0111111111111010111111110111111111111111111101011101111110001011111001011011001011111110001111011111
0111111111110101001111111111101111101111111110111111111101011111011111111111011110110101101011011101
1111111001011101110101111101111111111111111101111110011111111110111100101101111110111111111101110111
1100111111111111111111111101100011011011101101111011111111111111111111011101110001111001111011101111
1111010111111101111111110111011111111110111011001111111111101111100110111111111110001110101111010111
0111011011111110100111111111001111100111110111011111011111101110111101111101111111111111001110111110
1111110101110111111111010001011001010110110111110110111111100111011111101011110111101111010101100111
0101101111111111111111111101111111111010111111111101100110111110111100111011101110111101111111111101
1111110110111111011111011011101111010111011111110111110011111111111111111011111010111111001011111111
1111101111010111111111111111110111011111111111111111111111011111110100011111111101100111111100101111
1101111111101111101110111011111111111111100110111011111100110011111011111111111101100111011110001111
1111110101110100011110000010111010100111110101111111111110101111111111101111111111100111011111100111
1111111111100111111000111010110101111110110111011101110111111110111111110110111111110101111111111111
0010101101101111111110110111110111111111011111100101110111101101011111110100111111110110011111111011
1010111001111101110011110111111101101111111110110111101001111111111010101111111111111111111110011111
0111111110111010010101001111111110011101111111101011010101111110110110101011110111110101111010011110
1101101111111001111000011111111111111010111101011111111111011111111111111111111011111111011101110110
1001110100011101111011111111011101111111111110111111111011111111110111111111111101111011111111111101
1111111011111111101011111011110111111110111011011011011111111100111110110111111111011111110111011101
1101011111111111111011011111110111111111011111111111111111101101111111110100111111101001111111111111
1011111101011101111110101111001111111110110100111111101111111100011111111101101011111110111101111111
1001101110110001111100111101011111111111110110111001000100000111111111011101101111111100111111111111
1011111111111110111110100111110111110111110111111110101111101111100111111101111011001111111111101100
1111111111011111111111111111111101111111101111011111111111111010010111011111111110011011111111011111
1101101011110110111111111010111100111101101101111111111111111111101111111111101101101111011111111110
1111111101101111001111110111111111111011111101110111101100011011111101111111111101111111111111111111
1011111101111111111111111011011011111101111111101111111101111110101111111110111011111101101111101111
1111110011111001111111111100101111111111101111111111111110011110111111011010111111011111101111101111
1111101111100111001111101111101000110011011010011111111110111101111111111011111111011111011110010111
0110111111110111111111111011111110011011111111111110111001111111101111111111111111111011111010111011
1011110111110111011111101101101111111011101111011111111111111111101111010111110101110101111111111111
1110010111111111110111101111011111111010011011100001110111111111111010110111111111101011110111111111
1111110111101111111111010010111011111110110100111100111111111111111111111111110110110011111101101111
1111011111110111101101101111011111000111111111111101111111101111111111110111111111111110111010111111
1111111111110101111011111000111011111111111110011111111110001001100111111101111010111111011111111111
1111111110110101111011110101111011111111100111111110111101111101011101111110100111111000111111111101
1111111100011011111110110111111011111111111110111111111111111101111110111111111111111111011110111110
1110110010110011110111001001111111111111111011110111111011111111111110001111111111011111101111110101
1111011101111001110111110111101111111110101100110111110111110111111011111111111111111111011011110011
1001110111111011101011011111101111010111110111111100110111111111011111111111111011111111111111101111
0101111111011111110110111001111111111111111011101111111001111111111111111100111001111111101110110111
1111111111111101111111011011111111101111111111000110101111101101011110111111111110111011101111101111
1101011111111111111111111110001001111111011111110111111100111111111111111111101101110111111111111111
1110111111100111111110110110100111101110111011111111110111111011111100111110111001110110110111111111
1010011011111111111101111111111011111010100101111101111010111111111110111111111001111111110110111111
0110010110111111111111111011101010111110111100111111111111111011111111100110111010001111011111111111
1101111111010111111011111111111010100110111111011111111111010111111111111111111111111101111111111111
1111111111111011111111001111101111111011111111110110111111001111111011111011001110111111110111111001
1101111111110111111101101010111111001111111101111111011110111011111100111111110011111110111101101000
1111101111011110110011010111111110111101111111111010101111011111111111011101111011011111110111110111
1110111001111111111100111111111111011011111111111111111010101101011111111111111011111111111111111101
1010111111101111111111111111100111111111111101101001111011111111110101111111111111111101110110000111
1111110101111011111010111110111110101010111100101011110111111111011111111101110111110100111001111111
1011111111011110011111111101111111111011111101101110101111010111101111110111110111001011110110111111
1111111111111111101111001011111011111111111111111111111101111011111111011001111111111110001111111111
1100111111011111101011111111111111101111111011111011111010111011111110111111101111111101111111111110
1110001111111110100111011011110111111011101111101111111111001011111111111111111101111111011110111101
1111111111111111101101110111111111110111100011111111111111011111101111111111011111111111111111111111
0111111101011111011111101111111111111111111111111111000111111101001011110111101111101111101111111111
1011111111111111111110111101111111010111111111111111111111001111000111111111111011111110111111111111
0011111011011011101101111110101111011111111101111101111111011110101111111110011101110111111011111111
1011101011111111111111111111001111101110111111111101101011110111010111111101101011111111111011111111
1111111111111111111101111001110111011110111001011011001111101111011111101111110011101001111111111110
1111110111111111111110111111111111011101000111111011111111111011111101111111111111111011110111111011
1111101111011101111111111111001110110111110101111111101111111111101011101011111110111101111111111111
1111101011111101111111101111011111111111111101011010011011111111111111101111111011111111111111101111
0110111111111010101110110111110010011110101010101111111111110011010100110111111111111111111111111101
1101111111111011101111111111111111101010111111111111111110111111111111101111111111000101111110111111
1111110111111110111101110011101101110111011111101111111111011100111111111111101101011111010111110111
0111110001110101011011111111111111000111111111111111101111111011101111111011110111111010011011111111
1011111101001011111111111111110111101011110111111111101110001110110111111111101101111111011011001101
1111101111111011111001111111111101011101111111111011111111001110011111111111110101011111101101111110
0111111110111011111111110110110111101010110111011011110111111110110111111011111111111011111011111110
1111111101111110011111011111101110110111111011111111111111111111110011000111110101111111111110011011
1110011111111010110111111110111010111110111011111101110111110101110001110101111100110111111111111111
1100111111011011101111101111100111111011111011001111011111011011011111111101111111111111110101111110
1111110111101111101111001111101111101111111111111110101010111111101111011111111011110111111111111101
1111111111111111110101111111101101111111011011111111011011011111100111111111011110111111011111101101
1111011111111110111101011111100111011011000111011011101110100011111111111011111111111111111111111011
1111011111110111001111111111110111101111111111101111111111011111101111111101101111111111111101111011
1100101101111011101111111011011100010111101111111111110111011010111111111111111111101101111111111101
1111111111111111111110010111011101111110111101111111111101111111110000011111101110111010111111110111
1111111111111111111101101111111011111111111111111111111111101111111110111011111100100111111110000101
1101111111111111111110111111111011011101110111111111111111111111111110111111110011011010110111111011
1111111011110111111111110111111111111111111111111111110001101111011111101101000111111111000111111111
0111101111111011101111010110111001111101111110111111110111110101111100011111100111111111011100111101
0111001101011111111110111101111111110111111111111101111110111100010011111011111101101111001111011110
1111110111111101111111111111001111111111110111111111001001110111011011100111111101111010111111011111
1111001111101111111101111101111111111110111010111111010111010101110101111111101001001111111111111111
1101111101111110110001010111100111011111111111111111011111111111111111111110011100111111111111001111
1101111011111101111111111111111101111111010111011111110111111011111111111111001111111100111111101011
1101111111111101111111111110100111111011011110011111111110111011100111011011111110111111111101110111
1111111111111110011111111111000011111110111111111010111101010100101111110010111111011111111111100111
1111101111111111111111011111111010111111110111111111101101101111001111011111111011101011111111111111
1111101111001111110111100111111110111111111111111111011111011111111111111111011111111111101110110111
1011011100111111101110111111111111111111111011111110001111111011110111110111101011111101011111011111
1111110111111101111011111111111011111111111110101111010111111111110111111110110111111111111101111111
1001111111101111101111011111111111111011110111111101111101011111100110111111001101110111101111111101
0110011111101111100111111110111111111111101111111111111111111111101111111001011101010111111111110110
1111111011111111100111111110111111101111101111111111111010011000111111111011101011111111110111101111
1111011011110111111111011110111111110101100111110111101011110110010111111111001001111011111111111111
1111111101111101110001111111111110110111111111100101111111111111111111101111011011111011111111111111
1011101101111111111101111101011111111111111110110111111110111101111111110111100101111111110111111110
0111111111111111110111001110110111011111111011111111111011111111111101111101101111111111101111111111
1111111111111111111111111011111110101111111111010111101111001010111111011111000101110111111111011101
1111111110111110111111101111110110111111111111101100101010111011110101111111111110111111011101010111
1011111111111101101011101101111111110111111101111111111111111111111100111011011111101110111110011111
1111111111011111100111011111101111111010111010111111111111111011011111011001111111011111111101001111
1111101111111111111111111111111111111110111111111111101111111011011111010111101010011111011111111100
0111110111001111111111001111111101111111111110111111111111111111011111011111111101101111101011111111
0111111001011110111110101110011111111111110101111111111011111111111110111011111111101011011111111101
0111111110111111000111111111011110110111111111111111111111101111111100111111010110011110111101101111
1111111111111111111101111111111111101111111011111100111101110011111011111111111110111111111111111011
0101111001101111111111111111111111111111001111111110111111111111111111111111111111011010111010111111
1111111011111111011111100111101111111111111111101111110111111011101111111110111110101111111111110111
1111111111111111011011011110011111111111101001101111111111101110111101111111111110111011111111110100
1111111111111111111111011111111111111101111111011011011111111011111011001111011111111111100010111111
1111111111111110111111111111100101111111101111111111111011111101110111001111111111111111111111111011
1111111111111111101110111111101111111111111111111111110111111111110111111111111111111011101111111001
0111111111111100111111101111111110111111010011101111111111011011111111110111101011110010011011111111
1110011111111111110101011111111101111111111111101110010111111111011101101101111011111111110111101011
1011111111101111101110111111101101111111110111110111111111111101111011100110111111111111011110111111
1111110111100111110111111111111111111111111111111111101011111111110111111111111111111110111010110110
0111011101101111111101111111111110011111110110111111111111011011111101111011111110111111111110010011
1111111111111111111111111111011010111111111111011101111011101111111110111010111111111111110101111111
1111110111111111001111111011111111011101111011111011111111111111111101111111111111111101111110111011
1111111111111111100111011111111111111111011110011101111110111111111111111100110111111110111110111011
0111111101100111111111001111101111101111001011101111111011111111101110111010111011011111111011111111
1111111011111111101111111110101111111111111111110100101111111001111110110111110111111111011011011111
1111011011111111111111111111111111111111111111111111111111101111011111011111111111100111011011111101
1111111101111010011110111110111111111111111111111111111111111111110110111111011111100111001011111111
1101111111101101111011111101111011111111111111101111111111011111011111111111111111111111011111011111
1101111101110111001001111111111111011111111001111111110111111111110111111111111111111001111111101100
1111111111111111111110111111101111111111111111100111101111111111111101111110011111111111111011110111
0111111100011111111001111111111111110111011111101111101011111111011110111111111111101111111111110110
1110111111111111111011111101111111111011110111100101111111111100111111111111111110111111011111101110
1111110110111110111111111111001110111111010101111111111111111001101111110111111111111111101110111110
1111011101111111111110101011111101110111111111111011111111111111011010111111001111011011111110011111
1111101101011110111111011001111111101111001111101001111111111011101111111111111111111111110110111111
0111111110101111111101111101001111110111111111111111110011111111101101111111011111101111101011111111
1111101111111110111111111111111110111111010001110011111110110011111111111011011011101111010111111111
1111111111110110111111111111111101111110111000111111111001111111110110111011101111111011011111011111
0111111111100110111111111111111111111111111111011011110111111111111111111111111110111111111111110110
1111111110110111111101101111111111111111101111111111111111111011011111011111010111010111111010111111
1111111111110111111111100111110000111101111111000111000111111111111111101011110101111111110111010110
1111011101101011111011101111110101111111111110111111101111101111111110101001011011111100111111011111
1111011111111101110111011111110110111110111111111111111110111111111110111111010100111111110111101111
1010111111001111110111010111111111111001111111111111110111011111111011111111011111111111111111110111
1111111111111111001101011111111111111111010110011111111111111111111111111110011111111011110101111111
1111011011111111111110111111111111011111111101110111011111111001011110110101111011111111111110111101
1011111101110011111111111111111111010101111101111101111111111000111111111111101111111111111111111111
1111101111101110111111111101111101111111111111111011101101111101111010110011100110111001111011011110
1111111111111110111111111111101011111100111111011111111011011110011111101111011110111111110111011111
1111101110111101000111111111111011110111011111011101111111111011110111111011101110111110111110111101
0111111110111110111001111110011111111001111101111110111110111111111111111111111111111111011111111111
1111111111111111010111111111111111110110010111111111101111111111101011111111101111101111111111101111
1111101111111111111011101001111111110111001111111001111111111111001111101010111011111111111111111011
1111111110111111100111111111111101111101101011111011111111110111111111101111111110101111111111111111
1111100111111101011111011110011111110111101111111111111111011111111111111011111111001111111101110111
1111101111011111101111111011111101111111110111011111111110101011111111111111111111110111011111111111
1011111011111111101101110111111111111111111100111111110111011110111011111111111110011111111011111111
1110111110111101111111111111111101101011011011111100111101111011101110111111111111101111111111011111
1101111111110111111110111111111111111111111100111101101011111010111011101111110111111111101111100111
1110111111111111111111110111111111111110011110110111010000011111111101111100111111111111111111111101
1101111111111111011011111110001110111111100111111110111110111011111110111111011011111111111111111111
0111111110111011101111111111111101111111111011011101111111111111111101101101101011101011111111011110
1101110111111110110101111111111111111111111111111001111111111101111111011111111111111101111111111111
1111111111011011111111111111110111111111111110010